130
0	1	1	-889.0	1760.5	-1777.5	1680
1	1	2	-889.0	1760.5	-1467.5	1680
2	1	3	-889.0	1760.5	-1157.5	1680
3	1	4	-889.0	1760.5	-847.5	1680
4	1	5	-889.0	1760.5	-537.5	1680
5	1	6	-889.0	1760.5	-227.5	1680
6	1	7	-889.0	1760.5	82.5	1680
7	1	8	-889.0	1760.5	392.5	1680
8	1	9	-889.0	1760.5	702.5	1680
9	1	10	-889.0	1760.5	1012.5	1680
10	1	11	-889.0	1760.5	1322.5	1680
11	1	12	-889.0	1760.5	1632.5	1680
12	2	13	-1760.5	950.0	-1777.5	1680
13	2	14	-1760.5	950.0	-1467.5	1680
14	2	15	-1760.5	950.0	-1157.5	1680
15	2	16	-1760.5	950.0	-847.5	1680
16	2	17	-1760.5	950.0	-537.5	1680
17	2	18	-1760.5	950.0	-227.5	1680
18	2	19	-1760.5	950.0	82.5	1680
19	2	20	-1760.5	950.0	392.5	1680
20	2	21	-1760.5	950.0	702.5	1680
21	2	22	-1760.5	950.0	1012.5	1680
22	2	23	-1760.5	950.0	1322.5	1680
23	2	24	-1760.5	950.0	1632.5	1680
24	3	25	-1760.5	-950.0	-1777.5	1680
25	3	26	-1760.5	-950.0	-1467.5	1680
26	3	27	-1760.5	-950.0	-1157.5	1680
27	3	28	-1760.5	-950.0	-847.5	1680
28	3	29	-1760.5	-950.0	-537.5	1680
29	3	30	-1760.5	-950.0	-227.5	1680
30	3	31	-1760.5	-950.0	82.5	1680
31	3	32	-1760.5	-950.0	392.5	1680
32	3	33	-1760.5	-950.0	702.5	1680
33	3	34	-1760.5	-950.0	1012.5	1680
34	3	35	-1760.5	-950.0	1322.5	1680
35	3	36	-1760.5	-950.0	1632.5	1680
36	4	37	-889.0	-1760.5	-1777.5	1680
37	4	38	-889.0	-1760.5	-1467.5	1680
38	4	39	-889.0	-1760.5	-1157.5	1680
39	4	40	-889.0	-1760.5	-847.5	1680
40	4	41	-889.0	-1760.5	-537.5	1680
41	4	42	-889.0	-1760.5	-227.5	1680
42	4	43	-889.0	-1760.5	82.5	1680
43	4	44	-889.0	-1760.5	392.5	1680
44	4	45	-889.0	-1760.5	702.5	1680
45	4	46	-889.0	-1760.5	1012.5	1680
46	4	47	-889.0	-1760.5	1322.5	1680
47	4	48	-889.0	-1760.5	1632.5	1680
48	5	66	889.0	-1760.5	-1777.5	1680
49	5	67	889.0	-1760.5	-1467.5	1680
50	5	68	889.0	-1760.5	-1157.5	1680
51	5	69	889.0	-1760.5	-847.5	1680
52	5	70	889.0	-1760.5	-537.5	1680
53	5	71	889.0	-1760.5	-227.5	1680
54	5	72	889.0	-1760.5	82.5	1680
55	5	73	889.0	-1760.5	392.5	1680
56	5	74	889.0	-1760.5	702.5	1680
57	5	75	889.0	-1760.5	1012.5	1680
58	5	76	889.0	-1760.5	1322.5	1680
59	5	77	889.0	-1760.5	1632.5	1680
60	6	78	1760.5	-950.0	-1777.5	1680
61	6	79	1760.5	-950.0	-1467.5	1680
62	6	80	1760.5	-950.0	-1157.5	1680
63	6	81	1760.5	-950.0	-847.5	1680
64	6	82	1760.5	-950.0	-537.5	1680
65	6	83	1760.5	-950.0	-227.5	1680
66	6	84	1760.5	-950.0	82.5	1680
67	6	85	1760.5	-950.0	392.5	1680
68	6	86	1760.5	-950.0	702.5	1680
69	6	87	1760.5	-950.0	1012.5	1680
70	6	88	1760.5	-950.0	1322.5	1680
71	6	89	1760.5	-950.0	1632.5	1680
72	7	90	1760.5	950.0	-1777.5	1680
73	7	91	1760.5	950.0	-1467.5	1680
74	7	92	1760.5	950.0	-1157.5	1680
75	7	93	1760.5	950.0	-847.5	1680
76	7	94	1760.5	950.0	-537.5	1680
77	7	95	1760.5	950.0	-227.5	1680
78	7	96	1760.5	950.0	82.5	1680
79	7	97	1760.5	950.0	392.5	1680
80	7	98	1760.5	950.0	702.5	1680
81	7	99	1760.5	950.0	1012.5	1680
82	7	100	1760.5	950.0	1322.5	1680
83	7	101	1760.5	950.0	1632.5	1680
84	8	102	889.0	1760.5	-1777.5	1680
85	8	103	889.0	1760.5	-1467.5	1680
86	8	104	889.0	1760.5	-1157.5	1680
87	8	105	889.0	1760.5	-847.5	1680
88	8	106	889.0	1760.5	-537.5	1680
89	8	107	889.0	1760.5	-227.5	1680
90	8	108	889.0	1760.5	82.5	1680
91	8	109	889.0	1760.5	392.5	1680
92	8	110	889.0	1760.5	702.5	1680
93	8	111	889.0	1760.5	1012.5	1680
94	8	112	889.0	1760.5	1322.5	1680
95	8	113	889.0	1760.5	1632.5	1680
96	9	49	-1705.0	-846.5	0.0	1680
97	9	50	-1395.0	-846.5	0.0	1680
98	9	51	-1085.0	-846.5	0.0	1680
99	9	52	-775.0	-846.5	0.0	1680
100	9	53	-465.0	-846.5	0.0	1680
101	9	54	-155.0	-846.5	0.0	1680
102	9	55	155.0	-846.5	0.0	1680
103	9	56	465.0	-846.5	0.0	1680
104	9	57	775.0	-846.5	0.0	1680
105	9	58	1085.0	-846.5	0.0	1680
106	9	59	1395.0	-846.5	0.0	1680
107	10	114	-1705.0	846.5	0.0	1680
108	10	115	-1395.0	846.5	0.0	1680
109	10	116	-1085.0	846.5	0.0	1680
110	10	117	-775.0	846.5	0.0	1680
111	10	118	-465.0	846.5	0.0	1680
112	10	119	-155.0	846.5	0.0	1680
113	10	120	155.0	846.5	0.0	1680
114	10	121	465.0	846.5	0.0	1680
115	10	122	775.0	846.5	0.0	1680
116	10	123	1085.0	846.5	0.0	1680
117	10	124	1395.0	846.5	0.0	1680
118	11	130	0.0	1916.0	-1090.3586974753384	1680
119	11	131	0.0	1916.0	94.29530430110026	1210
120	11	132	0.0	1916.0	1278.949306077539	1210
121	12	133	-1916.0	0.0	-1090.3586974753384	1680
122	12	134	-1916.0	0.0	94.29530430110026	1210
123	12	135	-1916.0	0.0	1278.949306077539	1210
124	13	136	0.0	-1916.0	-1090.3586974753384	1680
125	13	137	0.0	-1916.0	94.29530430110026	1210
126	13	138	0.0	-1916.0	1278.949306077539	1210
127	14	139	1916.0	0.0	-1090.3586974753384	1680
128	14	140	1916.0	0.0	94.29530430110026	1210
129	14	141	1916.0	0.0	1278.949306077539	1210