1008
1013
1027
1039
1047
1060
1071
1084
1086
1088
1095
1114
1161
1168
1203
1229
1233
123
1248
1259
1281
1285
129
1300
1302
1308
1427
1432
1435
1445
1457
1480
1482
1484
1486
1487
1503
1510
1515
1528
1533
154
1552
1554
1568
1569
156
1571
1572
1588
1604
1625
163
1660
1666
1697
1704
172
1739
1755
176
1778
1782
1784
1814
182
1885
189
1909
1924
1953
1957
222
223
226
228
242
247
280
289
297
307
322
330
380
416
474
482
501
537
580
581
582
606
612
623
627
637
649
651
656
660
661
667
668
669
673
692
707
733
734
743
748
753
762
772
786
790
797
802
813
820
832
833
909
925
952
959
968
996
